Isaac List
CS160 - Sorting Exercise
April 11, 2019

Insertion Sort
[20, 16, 12, 14, 14, 15, 17, 17, 7, 13]
[16, 20, 12, 14, 14, 15, 17, 17, 7, 13]
[12, 16, 20, 14, 14, 15, 17, 17, 7, 13]
[12, 14, 16, 20, 14, 15, 17, 17, 7, 13]
[12, 14, 14, 16, 20, 15, 17, 17, 7, 13]
[12, 14, 14, 15, 16, 20, 17, 17, 7, 13]
[12, 14, 14, 15, 16, 17, 20, 17, 7, 13]
[12, 14, 14, 15, 16, 17, 17, 20, 7, 13]
[7, 12, 14, 14, 15, 16, 17, 17, 20, 13]
[7, 12, 13, 14, 14, 15, 16, 17, 17, 20]

Selection Sort
[20, 16, 12, 14, 14, 15, 17, 17, 7, 13]
[7, 20, 16, 12, 14, 14, 15, 17, 17, 13]
[7, 12, 20, 16, 14, 14, 15, 17, 17, 13]
[7, 12, 13, 20, 16, 14, 14, 15, 17, 17]
[7, 12, 13, 14, 20, 16, 14, 15, 17, 17]
[7, 12, 13, 14, 14, 20, 16, 15, 17, 17]
[7, 12, 13, 14, 14, 15, 20, 16, 17, 17]
[7, 12, 13, 14, 14, 15, 16, 20, 17, 17]
[7, 12, 13, 14, 14, 15, 16, 17, 20, 17]
[7, 12, 13, 14, 14, 15, 16, 17, 17, 20]

Merge Sort
[20, 16, 12, 14, 14, 15, 17, 17, 7, 13]
Splitting [20, 16, 12, 14, 14, 15, 17, 17, 7, 13]
Splitting [20, 16, 12, 14, 14]
Splitting [20, 16]
Splitting [20]
Splitting [16]
Merging [20] and [16]
Result is [16, 20]
---
Splitting [12, 14, 14]
Splitting [12]
Splitting [14, 14]
Splitting [14]
Splitting [14]
Merging [14] and [14]
Result is [14, 14]
---
Merging [12] and [14, 14]
Result is [12, 14, 14]
---
Merging [16, 20] and [12, 14, 14]
Result is [12, 14, 14, 16, 20]
---------
Splitting [15, 17, 17, 7, 13]
Splitting [15, 17]
Splitting [15]
Splitting [17]
Merging [15] and [17]
Result is [15, 17]
---
Splitting [17, 7, 13]
Splitting [17]
Splitting [7, 13]
Splitting [7]
Splitting [13]
Merging [7] and [13]
Result is [7, 13]
---
Merging [7, 13] and [17]
Result is [7, 13, 17]
---
Merging [7, 13, 17] and [15, 17]
Result is [7, 13, 15, 17, 17]
---------
Merging [7, 13, 15, 17, 17] and [12, 14, 14, 16, 20]
Result is [7, 12, 13, 14, 14, 15, 16, 17, 17, 20]

Quick Sort
[20, 16, 12, 14, 14, 15, 17, 17, 7, 13]
[12, 14, 14, 7, 13, 15, 20, 16, 17, 17]
[12, 7, 13, 14, 14, 15, 20, 16, 17, 17]
[7, 12, 13, 14, 14, 15, 20, 16, 17, 17]
[7, 12, 13, 14, 14, 15, 20, 16, 17, 17]
[7, 12, 13, 14, 14, 15, 16, 17, 20, 17]
[7, 12, 13, 14, 14, 15, 16, 17, 20, 17]
[7, 12, 13, 14, 14, 15, 16, 17, 17, 20]
[7, 12, 13, 14, 14, 15, 16, 17, 17, 20]

Heap Sort
[20, 16, 12, 14, 14, 15, 17, 17, 7, 13]
[7, 13, 12, 14, 14, 15, 17, 17, 16, 20]
[7, 12, 13, 14, 14, 15, 17, 17, 16, 20]
[7, 12, 13, 14, 14, 15, 17, 17, 16, 20]
[7, 12, 13, 14, 14, 15, 17, 17, 16, 20]
[7, 12, 13, 14, 14, 15, 17, 17, 16, 20]
[7, 12, 13, 14, 14, 15, 16, 17, 17, 20]
[7, 12, 13, 14, 14, 15, 16, 17, 17, 20]
[7, 12, 13, 14, 14, 15, 16, 17, 17, 20]
[7, 12, 13, 14, 14, 15, 16, 17, 17, 20]

